Best MCC: 0.8946

Best hyperparameters:
  lr: 0.0006647135865318024
  weight_decay: 0.00032476735706274504
  dropout: 0.12602063719411183
  lstm_hidden: 512
  lstm_layers: 1
  conv_filters: 256
