f1_weighted: 0.9543362869179817
f1_macro: 0.9172995574889621
mcc: 0.88693004564223
token_acc: 0.9540947914922123
seq_acc: 0.8446658851113716
seq_acc_only_sps: 0.759581881533101
avg_loss: 5.668685774797591
precision: 0.9548077201366819
recall: 0.9540947914922123
